1 0.319271 0.523148 0.044792 0.038889
1 0.330729 0.635185 0.046875 0.044444
1 0.241667 0.736111 0.020833 0.027778
1 0.290104 0.696296 0.013542 0.025926
0 0.288021 0.681481 0.009375 0.025926
0 0.310937 0.573148 0.009375 0.031481
0 0.422396 0.646296 0.009375 0.029630
0 0.486458 0.714815 0.008333 0.037037
1 0.310417 0.585185 0.014583 0.022222
1 0.423958 0.664815 0.010417 0.029630
1 0.482292 0.730556 0.018750 0.024074
1 0.589583 0.697222 0.022917 0.027778
1 0.365104 0.596296 0.019792 0.022222
1 0.352604 0.554630 0.019792 0.024074
1 0.442708 0.612037 0.014583 0.020370
1 0.382292 0.607407 0.020833 0.022222
0 0.391667 0.602778 0.006250 0.035185
0 0.407812 0.597222 0.009375 0.035185
1 0.396875 0.625926 0.022917 0.025926
1 0.407292 0.626852 0.027083 0.016667
1 0.411979 0.630556 0.019792 0.016667
1 0.418229 0.635185 0.017708 0.022222
1 0.415104 0.619444 0.021875 0.024074
1 0.438021 0.612963 0.019792 0.014815
1 0.471875 0.612037 0.041667 0.042593
1 0.281771 0.485185 0.030208 0.025926
0 0.243750 0.956481 0.010417 0.053704
0 0.260937 0.949074 0.011458 0.046296
0 0.355729 0.944444 0.013542 0.033333
1 0.341667 0.974074 0.020833 0.044444
1 0.709896 0.708333 0.021875 0.024074
1 0.553646 0.824074 0.071875 0.074074
1 0.556250 0.914815 0.089583 0.100000
1 0.779167 0.789815 0.081250 0.072222
1 0.975521 0.730556 0.048958 0.079630
1 0.946875 0.770370 0.018750 0.037037
1 0.923958 0.747222 0.016667 0.031481
0 0.991667 0.875926 0.012500 0.029630
0 0.930208 0.927778 0.012500 0.059259
0 0.878646 0.723148 0.009375 0.057407
0 0.870833 0.716667 0.012500 0.055556
0 0.712500 0.840741 0.010417 0.059259
0 0.696875 0.839815 0.010417 0.057407
0 0.692187 0.829630 0.011458 0.062963
0 0.731771 0.844444 0.009375 0.055556
0 0.737500 0.853704 0.010417 0.048148
0 0.714063 0.892593 0.011458 0.055556
0 0.752083 0.852778 0.012500 0.050000
0 0.623958 0.781481 0.010417 0.037037
0 0.657292 0.846296 0.014583 0.044444
0 0.720313 0.922222 0.013542 0.040741
0 0.670833 0.913889 0.016667 0.057407
0 0.621875 0.751852 0.010417 0.033333
0 0.633333 0.850926 0.012500 0.038889
0 0.637500 0.868519 0.014583 0.048148
0 0.743229 0.898148 0.013542 0.059259
0 0.767708 0.894444 0.016667 0.051852
0 0.742708 0.984259 0.010417 0.024074
0 0.755729 0.985185 0.009375 0.029630
0 0.751042 0.979630 0.012500 0.040741
0 0.855208 0.984259 0.014583 0.031481
1 0.808854 0.928704 0.046875 0.050000
0 0.829167 0.887963 0.012500 0.042593
1 0.631250 0.880556 0.025000 0.031481
1 0.656250 0.862037 0.031250 0.042593
1 0.668229 0.926852 0.026042 0.035185
1 0.712500 0.891667 0.031250 0.053704
1 0.717708 0.943519 0.027083 0.042593
1 0.769792 0.912037 0.018750 0.035185
0 0.496354 0.708333 0.009375 0.050000
0 0.502083 0.700000 0.012500 0.051852
0 0.605729 0.674074 0.009375 0.051852
0 0.591667 0.665741 0.010417 0.027778
0 0.379688 0.975000 0.017708 0.050000
