1 0.027941 0.441830 0.055882 0.094118
1 0.133456 0.343791 0.106618 0.078431
1 0.113603 0.603268 0.103676 0.142484
1 0.192279 0.200654 0.022794 0.048366
1 0.331250 0.161438 0.063971 0.074510
1 0.379779 0.094118 0.065441 0.060131
1 0.493015 0.175163 0.066912 0.078431
1 0.562868 0.105229 0.053676 0.066667
1 0.520221 0.079085 0.016912 0.032680
0 0.519485 0.070588 0.009559 0.039216
0 0.523897 0.067974 0.006618 0.039216
0 0.406985 0.054248 0.021324 0.035294
1 0.759191 0.446405 0.081618 0.152941
1 0.736397 0.126144 0.052206 0.095425
1 0.746691 0.290196 0.061029 0.086275
1 0.855882 0.147059 0.051471 0.074510
1 0.860662 0.050327 0.038971 0.058824
1 0.926838 0.054902 0.041912 0.057516
1 0.940074 0.162092 0.041912 0.081046
1 0.869485 0.371895 0.069853 0.129412
1 0.901103 0.274510 0.044853 0.078431
1 0.726471 0.017647 0.035294 0.035294
1 0.807353 0.557516 0.073529 0.139869
