1 0.317969 0.973148 0.220312 0.053704
1 0.227865 0.675926 0.098437 0.138889
0 0.368229 0.587500 0.011458 0.049074
1 0.415104 0.525000 0.076042 0.046296
1 0.423698 0.543981 0.023438 0.032407
1 0.424219 0.559722 0.021354 0.036111
1 0.425781 0.564352 0.021354 0.028704
1 0.419792 0.575463 0.031250 0.030556
1 0.418229 0.590278 0.030208 0.030556
1 0.425000 0.611574 0.042708 0.052778
1 0.414323 0.628704 0.048438 0.053704
1 0.414323 0.657407 0.059896 0.064815
1 0.404427 0.733333 0.076563 0.127778
1 0.226302 0.673148 0.100521 0.138889
1 0.417969 0.527315 0.071354 0.045370
0 0.369271 0.581019 0.010417 0.036111
1 0.455729 0.548148 0.020833 0.035185
1 0.460938 0.562963 0.023958 0.025926
1 0.476302 0.602778 0.040104 0.055556
1 0.317708 0.974074 0.213542 0.051852
1 0.502344 0.682870 0.076563 0.121296
1 0.542969 0.872685 0.148438 0.228704
1 0.693490 0.800463 0.163021 0.180556
0 0.599740 0.701852 0.025521 0.127778
0 0.582031 0.689352 0.018229 0.106481
0 0.561719 0.681944 0.017188 0.115741
0 0.570312 0.682870 0.013542 0.117593
0 0.553385 0.604167 0.016146 0.041667
0 0.478906 0.547222 0.006771 0.025926
0 0.488542 0.550463 0.006250 0.026852
0 0.495052 0.555093 0.006771 0.026852
0 0.505469 0.562037 0.006771 0.031481
0 0.505990 0.570833 0.008854 0.030556
0 0.514323 0.572222 0.006771 0.029630
0 0.519010 0.583333 0.010937 0.046296
0 0.534115 0.595833 0.011979 0.043519
1 0.647396 0.667593 0.109375 0.103704
0 0.678906 0.669907 0.022396 0.084259
1 0.786719 0.690278 0.163021 0.108333
1 0.773438 0.650926 0.126042 0.068519
1 0.938802 0.680093 0.122396 0.089815
1 0.911198 0.663426 0.132812 0.075000
1 0.857031 0.604630 0.076563 0.066667
1 0.820312 0.603704 0.058333 0.048148
1 0.797396 0.598148 0.065625 0.040741
1 0.772135 0.587037 0.063021 0.037037
1 0.748698 0.586574 0.052604 0.039815
1 0.687760 0.561111 0.041146 0.046296
1 0.906250 0.591667 0.051042 0.051852
1 0.751823 0.555556 0.034896 0.037037
