1 0.262526 0.918367 0.017745 0.051948
1 0.305585 0.942022 0.034969 0.045455
1 0.296451 0.977273 0.037578 0.039889
0 0.433455 0.852505 0.014092 0.064935
0 0.585073 0.609926 0.010438 0.026902
1 0.585856 0.616419 0.010960 0.034323
1 0.523486 0.414657 0.017745 0.037106
0 0.549322 0.416512 0.005741 0.024119
0 0.565501 0.421150 0.006785 0.020408
1 0.565501 0.425788 0.006785 0.020408
0 0.646660 0.424861 0.005219 0.025974
0 0.641180 0.418831 0.005741 0.021336
0 0.622912 0.359926 0.005741 0.018553
0 0.612474 0.365492 0.004697 0.018553
0 0.569937 0.350649 0.005219 0.020408
0 0.468163 0.319109 0.004175 0.014842
0 0.544885 0.310761 0.004175 0.012987
0 0.551148 0.304267 0.003132 0.009276
0 0.552453 0.303803 0.002610 0.008349
0 0.548017 0.291280 0.004175 0.011132
0 0.532620 0.291744 0.003653 0.012059
0 0.520616 0.292208 0.003653 0.011132
0 0.524791 0.281540 0.003653 0.010204
1 0.545407 0.312616 0.004175 0.012987
1 0.548017 0.293135 0.005219 0.012987
1 0.532881 0.295455 0.004175 0.012059
1 0.520877 0.295455 0.004175 0.012059
1 0.524269 0.283395 0.003653 0.010204
0 0.550626 0.240260 0.003132 0.011132
0 0.555585 0.240260 0.002610 0.009276
0 0.556628 0.241187 0.002610 0.011132
1 0.555585 0.242579 0.005741 0.008349
0 0.533403 0.193414 0.002088 0.004638
0 0.529489 0.198052 0.001566 0.004638
0 0.526879 0.194341 0.001566 0.004638
0 0.543319 0.196197 0.002088 0.004638
0 0.541754 0.200371 0.002088 0.005566
0 0.544363 0.205473 0.002088 0.004638
0 0.546712 0.205473 0.001566 0.004638
1 0.546712 0.207328 0.002610 0.006494
1 0.544363 0.207792 0.003132 0.005566
1 0.541493 0.202690 0.002610 0.004638
1 0.543319 0.197124 0.002088 0.004638
1 0.533142 0.194805 0.002610 0.005566
1 0.529749 0.199907 0.002088 0.004638
1 0.527401 0.196660 0.002610 0.005566
1 0.537578 0.182746 0.005219 0.007421
1 0.538883 0.176252 0.003653 0.005566
0 0.540449 0.184137 0.001566 0.002783
1 0.540449 0.185529 0.002610 0.003711
