1 0.446429 0.683376 0.017143 0.049492
1 0.455714 0.397843 0.034286 0.077411
1 0.420714 0.394670 0.028571 0.078680
1 0.558571 0.227792 0.035714 0.054569
1 0.605000 0.185914 0.034286 0.049492
1 0.633929 0.380076 0.012143 0.034264
1 0.572500 0.177030 0.033571 0.031726
1 0.372857 0.383883 0.014286 0.046954
1 0.616429 0.700508 0.098571 0.088832
1 0.801429 0.723985 0.048571 0.095178
1 0.771786 0.637690 0.069286 0.118020
1 0.840000 0.665609 0.025714 0.039340
1 0.070000 0.398477 0.074286 0.065990
1 0.288214 0.607868 0.080714 0.055838
1 0.309643 0.543147 0.020714 0.068528
1 0.318929 0.474619 0.016429 0.071066
1 0.339286 0.396574 0.012857 0.052030
1 0.382500 0.467005 0.020714 0.078680
