1 0.381429 0.546190 0.121429 0.416190
1 0.865357 0.434762 0.119286 0.075238
1 0.930714 0.511429 0.138571 0.192381
1 0.912143 0.623333 0.175714 0.166667
1 0.917143 0.779048 0.165714 0.123810
1 0.776786 0.150476 0.079286 0.051429
0 0.692500 0.120000 0.009286 0.022857
0 0.718571 0.095714 0.011429 0.029524
0 0.246786 0.096667 0.015000 0.040952
1 0.473214 0.676667 0.023571 0.063810
0 0.473929 0.670000 0.019286 0.025714
0 0.473214 0.662857 0.012143 0.011429
1 0.477143 0.536190 0.027143 0.076190
1 0.481429 0.459048 0.027143 0.066667
1 0.484286 0.399048 0.025714 0.051429
1 0.503571 0.370476 0.044286 0.060952
0 0.453214 0.372857 0.015000 0.046667
0 0.491429 0.377619 0.017143 0.035238
