0 0.653967 0.703154 0.009395 0.031540
0 0.624739 0.477273 0.005219 0.013915
0 0.626566 0.485158 0.006785 0.014842
0 0.651879 0.479592 0.003132 0.016698
0 0.656315 0.487013 0.008873 0.024119
1 0.649530 0.489332 0.005741 0.021336
1 0.660230 0.485622 0.008351 0.028757
1 0.654749 0.467532 0.007829 0.016698
1 0.594468 0.464286 0.012526 0.019481
1 0.594207 0.319573 0.010960 0.013915
0 0.644833 0.310297 0.005741 0.013915
1 0.627610 0.255566 0.009916 0.025046
1 0.604906 0.255102 0.010438 0.018553
1 0.618215 0.241187 0.019311 0.020408
1 0.579071 0.275974 0.015136 0.023191
0 0.581159 0.274583 0.005741 0.012987
0 0.588987 0.215677 0.003653 0.013915
0 0.531576 0.342764 0.004697 0.013915
1 0.534708 0.279685 0.004697 0.012059
0 0.529749 0.268553 0.004175 0.017625
1 0.535230 0.230983 0.008873 0.011132
0 0.520355 0.226809 0.004175 0.013915
0 0.525574 0.225881 0.004175 0.010204
1 0.529749 0.215677 0.003132 0.012059
1 0.534708 0.217069 0.002610 0.007421
0 0.566806 0.210111 0.003132 0.010204
1 0.592641 0.132189 0.009916 0.019481
1 0.582985 0.133117 0.003132 0.006494
