0 0.511786 0.080000 0.007857 0.024762
0 0.694643 0.024286 0.013571 0.023810
0 0.685714 0.061905 0.011429 0.028571
1 0.712500 0.086667 0.026429 0.064762
1 0.490357 0.180952 0.025000 0.078095
1 0.645714 0.259524 0.031429 0.113333
1 0.725357 0.380476 0.030714 0.080952
1 0.727143 0.483333 0.034286 0.080952
1 0.502143 0.348571 0.030000 0.087619
1 0.806429 0.495238 0.011429 0.032381
1 0.782500 0.710952 0.035000 0.103810
1 0.732857 0.911905 0.032857 0.079048
0 0.754643 0.960952 0.015000 0.017143
1 0.973929 0.635238 0.052143 0.034286
1 0.972500 0.510000 0.055000 0.040952
1 0.561071 0.291905 0.030714 0.145714
