1 0.840000 0.376190 0.038571 0.041905
1 0.166071 0.970952 0.039286 0.058095
1 0.142500 0.955714 0.046429 0.084762
1 0.340357 0.743810 0.072143 0.209524
1 0.278929 0.667619 0.055000 0.036190
1 0.439643 0.276190 0.009286 0.020952
1 0.445000 0.197619 0.008571 0.027619
1 0.577143 0.150000 0.024286 0.014286
1 0.576786 0.145714 0.022143 0.013333
1 0.552857 0.144762 0.004286 0.005714
0 0.501071 0.528571 0.003571 0.022857
0 0.507500 0.526667 0.005000 0.024762
1 0.196429 0.236190 0.031429 0.019048
1 0.414643 0.117143 0.005000 0.011429
1 0.433929 0.174762 0.005000 0.008571
1 0.543571 0.146667 0.010000 0.005714
