1 0.046190 0.366883 0.057933 0.067718
1 0.137787 0.386364 0.056367 0.049165
1 0.156054 0.398423 0.061587 0.052876
1 0.190762 0.416512 0.054802 0.048237
1 0.216075 0.433210 0.058455 0.055659
0 0.234081 0.449907 0.013048 0.037106
0 0.238779 0.488404 0.012004 0.047310
0 0.308194 0.494898 0.013048 0.049165
1 0.211639 0.532468 0.067328 0.061224
1 0.027401 0.532468 0.053758 0.072356
1 0.122129 0.636364 0.090814 0.105751
1 0.167276 0.684601 0.022443 0.050093
0 0.119781 0.588590 0.017223 0.047310
0 0.116388 0.572820 0.015658 0.034323
1 0.182411 0.692486 0.017223 0.049165
1 0.195981 0.711503 0.032881 0.046382
0 0.318633 0.684601 0.010960 0.057514
0 0.389092 0.727737 0.017223 0.069573
0 0.424843 0.698980 0.012526 0.069573
0 0.430585 0.719852 0.009395 0.044527
0 0.459812 0.782931 0.016701 0.061224
0 0.477818 0.738868 0.013048 0.051020
0 0.487474 0.746753 0.012526 0.050093
0 0.520094 0.820037 0.015136 0.077922
1 0.489562 0.882653 0.022965 0.104824
0 0.597338 0.779685 0.015136 0.054731
1 0.561587 0.948516 0.046973 0.065863
0 0.830115 0.748145 0.021399 0.051020
0 0.857255 0.544991 0.012004 0.025046
0 0.847860 0.532931 0.013048 0.034323
1 0.882829 0.568182 0.054802 0.067718
1 0.794885 0.461967 0.041754 0.055659
1 0.777662 0.425325 0.036534 0.043599
1 0.761482 0.386827 0.028184 0.040816
1 0.743215 0.350649 0.027140 0.029685
0 0.721033 0.618275 0.014092 0.058442
0 0.698069 0.568182 0.009916 0.038033
0 0.723904 0.543135 0.010438 0.049165
0 0.718163 0.536178 0.009395 0.042672
1 0.678497 0.489796 0.032359 0.076067
1 0.671190 0.435529 0.027140 0.051020
1 0.658664 0.383117 0.024008 0.055659
0 0.691806 0.418367 0.006785 0.027829
0 0.686065 0.415584 0.007829 0.035250
0 0.629958 0.608534 0.018789 0.040816
0 0.613257 0.615955 0.013570 0.035250
0 0.600470 0.628479 0.012004 0.034323
1 0.579593 0.596011 0.026618 0.038033
1 0.588727 0.511596 0.055324 0.069573
0 0.436065 0.565399 0.013048 0.032468
0 0.424843 0.559833 0.011482 0.036178
0 0.417276 0.557050 0.008873 0.032468
0 0.406837 0.466605 0.014092 0.044527
1 0.604645 0.201299 0.015136 0.025974
1 0.646138 0.326067 0.019833 0.051020
1 0.905271 0.233766 0.004697 0.011132
1 0.910230 0.236085 0.005219 0.012059
1 0.951461 0.242579 0.028184 0.021336
1 0.985647 0.246753 0.027662 0.027829
