1 0.155271 0.340909 0.048539 0.028757
1 0.167015 0.338590 0.038622 0.029685
1 0.171973 0.334879 0.037056 0.029685
1 0.185282 0.330241 0.035491 0.022263
1 0.124478 0.385900 0.036013 0.033395
1 0.135177 0.384045 0.033403 0.031540
1 0.145877 0.389147 0.038100 0.030612
1 0.159969 0.393321 0.041232 0.033395
1 0.166754 0.402597 0.053758 0.040816
1 0.209551 0.405844 0.044363 0.028757
1 0.242432 0.412338 0.025574 0.025046
1 0.224426 0.369666 0.056367 0.032468
1 0.280532 0.380798 0.048539 0.034323
1 0.290971 0.375696 0.048539 0.033395
1 0.258090 0.363636 0.051670 0.025974
1 0.232255 0.349722 0.053236 0.024119
1 0.239301 0.347403 0.052714 0.025046
1 0.255480 0.344156 0.046451 0.024119
1 0.263309 0.334416 0.044363 0.026902
1 0.241910 0.307514 0.046451 0.021336
1 0.193372 0.814007 0.018267 0.019481
1 0.263831 0.721243 0.015136 0.019481
1 0.304019 0.785714 0.043319 0.053803
1 0.340031 0.653061 0.009916 0.018553
0 0.393267 0.792208 0.008873 0.020408
1 0.376044 0.650278 0.034969 0.040816
0 0.307411 0.669295 0.005219 0.028757
1 0.511482 0.609462 0.017745 0.031540
1 0.440501 0.526902 0.010438 0.011132
1 0.474948 0.527829 0.025052 0.022263
1 0.479645 0.515306 0.025052 0.021336
1 0.485647 0.507421 0.026618 0.020408
1 0.487996 0.487941 0.008351 0.011132
1 0.498173 0.491651 0.007829 0.009276
0 0.497129 0.485622 0.004697 0.017625
0 0.526096 0.569573 0.005219 0.014842
0 0.527662 0.570965 0.004175 0.015770
1 0.526618 0.575603 0.007307 0.015770
0 0.549322 0.590445 0.004697 0.015770
0 0.550626 0.584879 0.006263 0.013915
0 0.553236 0.539889 0.005219 0.014842
1 0.552714 0.542672 0.007307 0.016698
0 0.557411 0.518089 0.004175 0.015770
1 0.557672 0.520408 0.005741 0.012987
1 0.609081 0.503711 0.019833 0.025974
1 0.613518 0.495826 0.020355 0.023191
1 0.534708 0.435993 0.009916 0.009276
1 0.560282 0.441558 0.022443 0.018553
1 0.448852 0.520872 0.005219 0.013915
1 0.600992 0.390074 0.015136 0.013915
1 0.610125 0.381725 0.017745 0.013915
1 0.584029 0.555659 0.025052 0.038961
1 0.560021 0.607607 0.026096 0.042672
1 0.548278 0.631725 0.027662 0.048237
1 0.538361 0.643785 0.020355 0.046382
1 0.526879 0.657699 0.025574 0.050093
1 0.508351 0.705473 0.041754 0.065863
0 0.612735 0.364564 0.004175 0.011132
0 0.617171 0.352968 0.003653 0.012059
1 0.630219 0.362709 0.014092 0.014842
1 0.632307 0.355288 0.013048 0.012987
1 0.638570 0.342764 0.013048 0.010204
1 0.646138 0.330705 0.013570 0.010204
1 0.649791 0.329314 0.012526 0.009276
1 0.649269 0.322820 0.006263 0.007421
1 0.654749 0.313544 0.004697 0.007421
0 0.669102 0.307050 0.002088 0.007421
1 0.662317 0.383117 0.021921 0.035250
1 0.681367 0.358534 0.010960 0.012059
1 0.685543 0.353896 0.010960 0.013915
1 0.688152 0.349722 0.010960 0.012987
1 0.687630 0.344156 0.012004 0.012987
1 0.690762 0.342764 0.010960 0.013915
1 0.693894 0.338126 0.010960 0.013915
1 0.698330 0.326994 0.012526 0.021336
1 0.659708 0.309369 0.004175 0.006494
1 0.674322 0.290816 0.009395 0.008349
1 0.687109 0.278757 0.008873 0.008349
1 0.684499 0.272727 0.015136 0.009276
1 0.689457 0.271800 0.007307 0.007421
0 0.672756 0.309369 0.002088 0.004638
0 0.675365 0.310297 0.003132 0.006494
1 0.728079 0.622449 0.027140 0.074212
1 0.759134 0.523655 0.014092 0.023191
1 0.758090 0.406772 0.015136 0.034323
1 0.744781 0.314007 0.013570 0.023191
1 0.765397 0.334879 0.012004 0.027829
1 0.781837 0.340909 0.012526 0.039889
1 0.766701 0.314007 0.011482 0.019481
1 0.770355 0.292208 0.012526 0.027829
1 0.747129 0.282004 0.007829 0.009276
1 0.776096 0.262059 0.007307 0.019481
1 0.780010 0.260204 0.003653 0.006494
1 0.764092 0.248145 0.005219 0.010204
1 0.770355 0.245826 0.005219 0.012987
1 0.778184 0.242115 0.007307 0.012987
1 0.771660 0.236549 0.004697 0.007421
1 0.779228 0.233302 0.003132 0.006494
1 0.782098 0.222635 0.004697 0.007421
1 0.775313 0.218924 0.002610 0.005566
1 0.779228 0.209647 0.002088 0.003711
1 0.776618 0.203618 0.002088 0.002783
1 0.778184 0.206865 0.003132 0.003711
1 0.783664 0.210111 0.003653 0.006494
1 0.950418 0.927180 0.035491 0.065863
1 0.908142 0.706401 0.035491 0.043599
1 0.895877 0.672542 0.030793 0.042672
1 0.889353 0.652597 0.032359 0.051020
1 0.883090 0.628015 0.024008 0.035250
1 0.884916 0.613173 0.027662 0.037106
0 0.934760 0.583488 0.006263 0.016698
1 0.930063 0.558905 0.026096 0.036178
1 0.868998 0.560761 0.031315 0.026902
1 0.860647 0.528293 0.024008 0.028757
1 0.861952 0.510204 0.019311 0.024119
1 0.865084 0.494434 0.019311 0.027829
1 0.850992 0.471243 0.024530 0.022263
0 0.903184 0.464286 0.004697 0.017625
1 0.846816 0.451299 0.022443 0.017625
1 0.847338 0.446197 0.022443 0.018553
1 0.844729 0.435993 0.019311 0.016698
0 0.843685 0.414657 0.004697 0.014842
0 0.870564 0.410019 0.003132 0.009276
1 0.839770 0.405380 0.009395 0.014842
1 0.836378 0.391466 0.015136 0.014842
1 0.833246 0.385900 0.016180 0.011132
1 0.830376 0.363636 0.014614 0.014842
0 0.853079 0.374304 0.004697 0.008349
1 0.853340 0.376623 0.004175 0.009276
0 0.913100 0.412801 0.004697 0.005566
0 0.912056 0.406772 0.003653 0.010204
0 0.842902 0.333952 0.003132 0.011132
0 0.830637 0.338126 0.002610 0.010204
1 0.824635 0.336271 0.011482 0.010204
1 0.840814 0.318646 0.012526 0.021336
1 0.837161 0.294991 0.005219 0.011132
0 0.821503 0.300093 0.002088 0.008349
0 0.828288 0.295918 0.002088 0.005566
1 0.827766 0.295918 0.002088 0.005566
1 0.816023 0.287106 0.007829 0.008349
1 0.816023 0.277829 0.006785 0.006494
1 0.824374 0.276438 0.004697 0.007421
1 0.824896 0.255102 0.009916 0.016698
1 0.818111 0.248145 0.006785 0.013915
1 0.833507 0.243506 0.007307 0.012059
1 0.821242 0.242115 0.005741 0.011132
1 0.812370 0.235622 0.003653 0.005566
1 0.819676 0.227273 0.005741 0.005566
