1 0.793841 0.331633 0.123173 0.216141
1 0.301670 0.969852 0.093946 0.058442
1 0.283403 0.871985 0.084551 0.109462
0 0.300887 0.814007 0.016180 0.025046
0 0.243998 0.814935 0.016180 0.034323
1 0.286534 0.779685 0.074113 0.069573
1 0.328288 0.692950 0.056367 0.066790
1 0.356211 0.653989 0.028706 0.102041
1 0.316545 0.647495 0.032881 0.083488
1 0.290971 0.668367 0.030793 0.112245
1 0.292276 0.499536 0.059499 0.052876
1 0.276879 0.427180 0.022443 0.023191
1 0.278184 0.399351 0.020877 0.017625
1 0.283142 0.388683 0.024530 0.022263
1 0.278184 0.385900 0.020877 0.022263
1 0.275574 0.374304 0.019833 0.025046
1 0.303497 0.324212 0.049582 0.043599
1 0.308455 0.291744 0.049061 0.036178
0 0.269833 0.208720 0.010438 0.012987
1 0.294102 0.151206 0.014092 0.014842
1 0.297234 0.124304 0.010960 0.014842
0 0.328549 0.069109 0.004697 0.015770
0 0.318894 0.066790 0.003132 0.012987
0 0.342641 0.070501 0.005741 0.025974
0 0.350470 0.072820 0.005741 0.013915
1 0.376044 0.086271 0.005741 0.018553
0 0.375000 0.080705 0.005741 0.016698
0 0.416493 0.117811 0.006263 0.014842
1 0.431889 0.019017 0.032881 0.030612
1 0.435021 0.048237 0.030793 0.025974
1 0.444415 0.093228 0.031837 0.034323
1 0.464770 0.216605 0.034969 0.119666
0 0.403967 0.294527 0.008351 0.019481
0 0.403706 0.292672 0.007829 0.023191
1 0.403967 0.301948 0.008351 0.028757
1 0.483299 0.349258 0.041754 0.058442
1 0.481472 0.381725 0.048539 0.054731
1 0.484081 0.423933 0.048539 0.059369
1 0.502610 0.478200 0.054280 0.064007
1 0.512526 0.519944 0.055324 0.069573
1 0.523747 0.581169 0.048539 0.060297
1 0.530271 0.624304 0.053236 0.081633
1 0.533142 0.688776 0.057933 0.086271
0 0.391962 0.558905 0.010438 0.030612
0 0.494520 0.731911 0.012004 0.031540
0 0.499217 0.751391 0.010960 0.035250
