1 0.538361 0.901670 0.053758 0.183673
1 0.537578 0.616883 0.034447 0.083488
1 0.453288 0.690167 0.028706 0.070501
1 0.480689 0.555195 0.019833 0.041744
1 0.491910 0.519944 0.016180 0.032468
1 0.167537 0.778757 0.018789 0.036178
0 0.427192 0.798237 0.012004 0.039889
0 0.463987 0.762523 0.011482 0.044527
0 0.512787 0.714750 0.009916 0.034323
1 0.488518 0.705473 0.038622 0.184601
1 0.453810 0.509740 0.029749 0.093692
1 0.521138 0.400278 0.010960 0.025046
1 0.541232 0.365492 0.012526 0.031540
1 0.507046 0.391929 0.003653 0.008349
0 0.507046 0.389147 0.002610 0.008349
1 0.515397 0.322356 0.004697 0.010204
1 0.522182 0.307514 0.005741 0.008349
1 0.517223 0.312152 0.004175 0.008349
1 0.529228 0.320965 0.006263 0.014842
1 0.529228 0.314007 0.007307 0.013915
1 0.533664 0.309369 0.006785 0.015770
1 0.539405 0.301484 0.004697 0.007421
1 0.521660 0.292208 0.002610 0.007421
1 0.511482 0.334416 0.005219 0.008349
1 0.435543 0.391002 0.009916 0.013915
1 0.447547 0.387291 0.009916 0.012059
1 0.425626 0.820037 0.017223 0.046382
1 0.679019 0.336735 0.025052 0.020408
0 0.721555 0.323284 0.002610 0.008349
0 0.713727 0.306122 0.013048 0.025974
0 0.742954 0.339054 0.014092 0.026902
0 0.737996 0.305659 0.021921 0.023191
1 0.723643 0.310761 0.008873 0.009276
1 0.692328 0.318182 0.010960 0.014842
0 0.659447 0.477273 0.003653 0.013915
