1 0.514643 0.900381 0.065000 0.135787
1 0.460000 0.777919 0.062857 0.121827
1 0.414286 0.670051 0.051429 0.114213
1 0.346071 0.517132 0.042143 0.087563
1 0.202500 0.290609 0.027857 0.050761
1 0.125000 0.069162 0.024286 0.031726
1 0.091429 0.019036 0.014286 0.030457
1 0.316071 0.453046 0.039286 0.083756
1 0.283929 0.392766 0.036429 0.072335
1 0.256429 0.339467 0.032857 0.059645
1 0.236429 0.298223 0.032857 0.065990
1 0.216429 0.259518 0.027143 0.057107
1 0.203214 0.227157 0.017857 0.035533
0 0.070357 0.206853 0.007857 0.027919
0 0.075357 0.209391 0.006429 0.015228
0 0.034286 0.035533 0.005714 0.020305
0 0.032500 0.049492 0.006429 0.022843
0 0.022857 0.011421 0.005714 0.017766
0 0.027857 0.037437 0.004286 0.013959
0 0.237143 0.202411 0.005714 0.026650
0 0.230357 0.201142 0.006429 0.026650
0 0.246429 0.241751 0.005714 0.026650
0 0.238929 0.246827 0.007857 0.029188
0 0.411071 0.545051 0.007857 0.029188
0 0.366071 0.418147 0.007857 0.031726
0 0.103571 0.289340 0.007143 0.025381
0 0.095000 0.291878 0.007143 0.025381
0 0.041071 0.109772 0.005000 0.019036
0 0.089286 0.196701 0.005714 0.022843
0 0.078929 0.197970 0.005000 0.022843
0 0.048214 0.095812 0.005000 0.019036
0 0.163571 0.062817 0.005714 0.021574
0 0.162857 0.090736 0.005714 0.021574
0 0.167143 0.086294 0.005714 0.017766
0 0.172500 0.088198 0.006429 0.021574
0 0.023571 0.034898 0.004286 0.016497
1 0.379643 0.595812 0.050714 0.090102
1 0.789643 0.558376 0.067857 0.101523
1 0.908929 0.610406 0.053571 0.076142
1 0.912857 0.669416 0.060000 0.074873
1 0.870000 0.771574 0.088571 0.149746
1 0.761429 0.663071 0.075714 0.097716
1 0.838929 0.517766 0.045000 0.068528
1 0.871786 0.481599 0.043571 0.062183
1 0.857143 0.417513 0.064286 0.078680
1 0.844286 0.429569 0.052857 0.085025
1 0.881786 0.416244 0.043571 0.058376
1 0.926786 0.427665 0.022143 0.032995
1 0.973214 0.472716 0.025000 0.029188
1 0.978571 0.462563 0.024286 0.026650
1 0.984286 0.451142 0.022857 0.021574
1 0.934643 0.413706 0.019286 0.032995
1 0.943571 0.407995 0.020000 0.031726
1 0.945714 0.571701 0.054286 0.069797
1 0.975714 0.607234 0.044286 0.057107
1 0.967857 0.683376 0.064286 0.118020
1 0.986786 0.739848 0.026429 0.078680
1 0.843571 0.875000 0.088571 0.102792
1 0.561786 0.983503 0.039286 0.030457
