0 0.005357 0.171429 0.010714 0.034286
1 0.047143 0.616667 0.094286 0.166667
1 0.140714 0.617619 0.098571 0.153333
1 0.250000 0.692381 0.040000 0.078095
1 0.250714 0.593333 0.031429 0.076190
1 0.342500 0.600952 0.025000 0.070476
1 0.487500 0.492381 0.020714 0.059048
0 0.486786 0.485238 0.017857 0.033333
0 0.404643 0.512381 0.020714 0.047619
0 0.361429 0.533333 0.017143 0.057143
0 0.384643 0.520476 0.022143 0.044762
0 0.400714 0.483810 0.014286 0.036190
1 0.385000 0.487619 0.014286 0.049524
1 0.359286 0.476190 0.024286 0.060952
0 0.329286 0.390476 0.014286 0.036190
1 0.371786 0.215714 0.042143 0.061905
1 0.335000 0.179524 0.041429 0.050476
0 0.418571 0.223810 0.012857 0.034286
0 0.395714 0.033810 0.012857 0.025714
